"mtest4"	"1400051171114"	"2014-05-14"	"LG"	"고양오리온스"	3	6	1	3	8	10	3	3	3	3	3	3
"mtest3"	"1400051171114"	"2014-05-14"	"LG"	"고양오리온스"	3	6	1	3	8	10	3	3	3	3	3	3
"mtest2"	"1400051171114"	"2014-05-14"	"LG"	"고양오리온스"	3	6	1	3	8	10	3	3	3	3	3	3
"mtest1"	"1400051171114"	"2014-05-14"	"LG"	"고양오리온스"	3	6	1	3	8	10	3	3	3	3	3	3
"mtest99"	"1400051171114"	"2014-05-14"	"LG"	"고양오리온스"	3	6	1	3	8	10	3	3	3	3	3	3
"mtest9"	"1400051171114"	"2014-05-14"	"LG"	"고양오리온스"	3	6	1	3	8	10	3	3	3	3	3	3
"mtest8"	"1400051171114"	"2014-05-14"	"LG"	"고양오리온스"	3	6	1	3	8	10	3	3	3	3	3	3
"mtest7"	"1400051171114"	"2014-05-14"	"LG"	"고양오리온스"	3	6	1	3	8	10	3	3	3	3	3	3
"mtest6"	"1400051171114"	"2014-05-14"	"LG"	"고양오리온스"	3	6	1	3	8	10	3	3	3	3	3	3
"mtest10"	"1400051171114"	"2014-05-14"	"LG"	"고양오리온스"	3	6	1	3	8	10	3	3	3	3	3	3
"mtest5"	"1400051171114"	"2014-05-14"	"LG"	"고양오리온스"	3	6	1	3	8	10	3	3	3	3	3	3
"mtest4"	"1400051142142"	"2014-05-12"	"LG"	"전주KCC"	4	6	1	3	8	10	3	3	3	3	3	3
"mtest3"	"1400051142142"	"2014-05-12"	"LG"	"전주KCC"	4	6	1	3	8	10	3	3	3	3	3	3
"mtest2"	"1400051142142"	"2014-05-12"	"LG"	"전주KCC"	4	6	1	3	8	10	3	3	3	3	3	3
"mtest1"	"1400051142142"	"2014-05-12"	"LG"	"전주KCC"	4	6	1	3	8	10	3	3	3	3	3	3
"mtest99"	"1400051142142"	"2014-05-12"	"LG"	"전주KCC"	4	6	1	3	8	10	3	3	3	3	3	3
"mtest9"	"1400051142142"	"2014-05-12"	"LG"	"전주KCC"	4	6	1	3	8	10	3	3	3	3	3	3
"mtest8"	"1400051142142"	"2014-05-12"	"LG"	"전주KCC"	4	6	1	3	8	10	3	3	3	3	3	3
"mtest7"	"1400051142142"	"2014-05-12"	"LG"	"전주KCC"	4	6	1	3	8	10	3	3	3	3	3	3
"mtest6"	"1400051142142"	"2014-05-12"	"LG"	"전주KCC"	4	6	1	3	8	10	3	3	3	3	3	3
"mtest10"	"1400051142142"	"2014-05-12"	"LG"	"전주KCC"	4	6	1	3	8	10	3	3	3	3	3	3
"mtest5"	"1400051142142"	"2014-05-12"	"LG"	"전주KCC"	4	6	1	3	8	10	3	3	3	3	3	3
"mtest4"	"1400051121640"	"2014-05-11"	"LG"	"서울삼성"	5	6	1	3	8	10	3	3	3	3	3	3
"mtest3"	"1400051121640"	"2014-05-11"	"LG"	"서울삼성"	5	6	1	3	8	10	3	3	3	3	3	3
"mtest2"	"1400051121640"	"2014-05-11"	"LG"	"서울삼성"	5	6	1	3	8	10	3	3	3	3	3	3
"mtest1"	"1400051121640"	"2014-05-11"	"LG"	"서울삼성"	5	6	1	3	8	10	3	3	3	3	3	3
"mtest99"	"1400051121640"	"2014-05-11"	"LG"	"서울삼성"	5	6	1	3	8	10	3	3	3	3	3	3
"mtest9"	"1400051121640"	"2014-05-11"	"LG"	"서울삼성"	5	6	1	3	8	10	3	3	3	3	3	3
"mtest8"	"1400051121640"	"2014-05-11"	"LG"	"서울삼성"	5	6	1	3	8	10	3	3	3	3	3	3
"mtest7"	"1400051121640"	"2014-05-11"	"LG"	"서울삼성"	5	6	1	3	8	10	3	3	3	3	3	3
"mtest6"	"1400051121640"	"2014-05-11"	"LG"	"서울삼성"	5	6	1	3	8	10	3	3	3	3	3	3
"mtest10"	"1400051121640"	"2014-05-11"	"LG"	"서울삼성"	5	6	1	3	8	10	3	3	3	3	3	3
"mtest5"	"1400051121640"	"2014-05-11"	"LG"	"서울삼성"	5	6	1	3	8	10	3	3	3	3	3	3
"mtest4"	"1400051104327"	"2014-05-10"	"LG"	"안양KGC"	3	6	1	3	8	10	3	3	3	3	3	3
"mtest3"	"1400051104327"	"2014-05-10"	"LG"	"안양KGC"	3	6	1	3	8	10	3	3	3	3	3	3
"mtest2"	"1400051104327"	"2014-05-10"	"LG"	"안양KGC"	3	6	1	3	8	10	3	3	3	3	3	3
"mtest1"	"1400051104327"	"2014-05-10"	"LG"	"안양KGC"	3	6	1	3	8	10	3	3	3	3	3	3
"mtest99"	"1400051104327"	"2014-05-10"	"LG"	"안양KGC"	3	6	1	3	8	10	3	3	3	3	3	3
"mtest9"	"1400051104327"	"2014-05-10"	"LG"	"안양KGC"	3	6	1	3	8	10	3	3	3	3	3	3
"mtest8"	"1400051104327"	"2014-05-10"	"LG"	"안양KGC"	3	6	1	3	8	10	3	3	3	3	3	3
"mtest7"	"1400051104327"	"2014-05-10"	"LG"	"안양KGC"	3	6	1	3	8	10	3	3	3	3	3	3
"mtest6"	"1400051104327"	"2014-05-10"	"LG"	"안양KGC"	3	6	1	3	8	10	3	3	3	3	3	3
"mtest10"	"1400051104327"	"2014-05-10"	"LG"	"안양KGC"	3	6	1	3	8	10	3	3	3	3	3	3
"mtest5"	"1400051104327"	"2014-05-10"	"LG"	"안양KGC"	3	6	1	3	8	10	3	3	3	3	3	3
"mtest4"	"1400051082983"	"2014-05-08"	"LG"	"원주동부"	3	6	1	3	8	10	3	3	3	3	3	3
"mtest3"	"1400051082983"	"2014-05-08"	"LG"	"원주동부"	3	6	1	3	8	10	3	3	3	3	3	3
"mtest2"	"1400051082983"	"2014-05-08"	"LG"	"원주동부"	3	6	1	3	8	10	3	3	3	3	3	3
"mtest1"	"1400051082983"	"2014-05-08"	"LG"	"원주동부"	3	6	1	3	8	10	3	3	3	3	3	3
"mtest99"	"1400051082983"	"2014-05-08"	"LG"	"원주동부"	3	6	1	3	8	10	3	3	3	3	3	3
"mtest9"	"1400051082983"	"2014-05-08"	"LG"	"원주동부"	3	6	1	3	8	10	3	3	3	3	3	3
"mtest8"	"1400051082983"	"2014-05-08"	"LG"	"원주동부"	3	6	1	3	8	10	3	3	3	3	3	3
"mtest7"	"1400051082983"	"2014-05-08"	"LG"	"원주동부"	3	6	1	3	8	10	3	3	3	3	3	3
"mtest6"	"1400051082983"	"2014-05-08"	"LG"	"원주동부"	3	6	1	3	8	10	3	3	3	3	3	3
"mtest10"	"1400051082983"	"2014-05-08"	"LG"	"원주동부"	3	6	1	3	8	10	3	3	3	3	3	3
"mtest5"	"1400051082983"	"2014-05-08"	"LG"	"원주동부"	3	6	1	3	8	10	3	3	3	3	3	3
"mtest4"	"1400051060590"	"2014-05-07"	"LG"	"KT"	3	6	1	3	8	10	3	3	3	3	3	3
"mtest3"	"1400051060590"	"2014-05-07"	"LG"	"KT"	3	6	1	3	8	10	3	3	3	3	3	3
"mtest2"	"1400051060590"	"2014-05-07"	"LG"	"KT"	3	6	1	3	8	10	3	3	3	3	3	3
"mtest1"	"1400051060590"	"2014-05-07"	"LG"	"KT"	3	6	1	3	8	10	3	3	3	3	3	3
"mtest99"	"1400051060590"	"2014-05-07"	"LG"	"KT"	3	6	1	3	8	10	3	3	3	3	3	3
"mtest9"	"1400051060590"	"2014-05-07"	"LG"	"KT"	3	6	1	3	8	10	3	3	3	3	3	3
"mtest8"	"1400051060590"	"2014-05-07"	"LG"	"KT"	3	6	1	3	8	10	3	3	3	3	3	3
"mtest7"	"1400051060590"	"2014-05-07"	"LG"	"KT"	3	6	1	3	8	10	3	3	3	3	3	3
"mtest6"	"1400051060590"	"2014-05-07"	"LG"	"KT"	3	6	1	3	8	10	3	3	3	3	3	3
"mtest10"	"1400051060590"	"2014-05-07"	"LG"	"KT"	3	6	1	3	8	10	3	3	3	3	3	3
"mtest5"	"1400051060590"	"2014-05-07"	"LG"	"KT"	3	6	1	3	8	10	3	3	3	3	3	3
"mtest4"	"1400051043430"	"2014-05-06"	"LG"	"전자랜드"	3	6	1	3	8	10	3	3	3	3	3	3
"mtest3"	"1400051043430"	"2014-05-06"	"LG"	"전자랜드"	3	6	1	3	8	10	3	3	3	3	3	3
"mtest2"	"1400051043430"	"2014-05-06"	"LG"	"전자랜드"	3	6	1	3	8	10	3	3	3	3	3	3
"mtest1"	"1400051043430"	"2014-05-06"	"LG"	"전자랜드"	3	6	1	3	8	10	3	3	3	3	3	3
"mtest99"	"1400051043430"	"2014-05-06"	"LG"	"전자랜드"	3	6	1	3	8	10	3	3	3	3	3	3
"mtest9"	"1400051043430"	"2014-05-06"	"LG"	"전자랜드"	3	6	1	3	8	10	3	3	3	3	3	3
"mtest8"	"1400051043430"	"2014-05-06"	"LG"	"전자랜드"	3	6	1	3	8	10	3	3	3	3	3	3
"mtest7"	"1400051043430"	"2014-05-06"	"LG"	"전자랜드"	3	6	1	3	8	10	3	3	3	3	3	3
"mtest6"	"1400051043430"	"2014-05-06"	"LG"	"전자랜드"	3	6	1	3	8	10	3	3	3	3	3	3
"mtest10"	"1400051043430"	"2014-05-06"	"LG"	"전자랜드"	3	6	1	3	8	10	3	3	3	3	3	3
"mtest5"	"1400051043430"	"2014-05-06"	"LG"	"전자랜드"	3	6	1	3	8	10	3	3	3	3	3	3
"mtest4"	"1400051007351"	"2014-05-05"	"LG"	"SK"	3	6	1	3	8	10	3	3	3	3	3	3
"mtest3"	"1400051007351"	"2014-05-05"	"LG"	"SK"	3	6	1	3	8	10	3	3	3	3	3	3
"mtest2"	"1400051007351"	"2014-05-05"	"LG"	"SK"	3	6	1	3	8	10	3	3	3	3	3	3
"mtest1"	"1400051007351"	"2014-05-05"	"LG"	"SK"	3	6	1	3	8	10	3	3	3	3	3	3
"mtest99"	"1400051007351"	"2014-05-05"	"LG"	"SK"	3	6	1	3	8	10	3	3	3	3	3	3
"mtest9"	"1400051007351"	"2014-05-05"	"LG"	"SK"	3	6	1	3	8	10	3	3	3	3	3	3
"mtest8"	"1400051007351"	"2014-05-05"	"LG"	"SK"	3	6	1	3	8	10	3	3	3	3	3	3
"mtest7"	"1400051007351"	"2014-05-05"	"LG"	"SK"	3	6	1	3	8	10	3	3	3	3	3	3
"mtest6"	"1400051007351"	"2014-05-05"	"LG"	"SK"	3	6	1	3	8	10	3	3	3	3	3	3
"mtest10"	"1400051007351"	"2014-05-05"	"LG"	"SK"	3	6	1	3	8	10	3	3	3	3	3	3
"mtest4"	"1399956592741"	"2014-05-22"	"LG"	"모비스"	3	6	1	3	8	10	3	3	3	3	3	3
"mtest1"	"1399956592741"	"2014-05-22"	"LG"	"모비스"	3	6	1	3	8	10	3	3	3	3	3	3
"mtest2"	"1399956592741"	"2014-05-22"	"LG"	"모비스"	3	6	1	3	8	10	3	3	3	3	3	3
"mtest3"	"1399956592741"	"2014-05-22"	"LG"	"모비스"	3	6	1	3	8	10	3	3	3	3	3	3
"mtest7"	"1399956592741"	"2014-05-22"	"LG"	"모비스"	3	6	1	3	8	10	3	3	3	3	3	3
"mtest6"	"1399956592741"	"2014-05-22"	"LG"	"모비스"	3	6	1	3	8	10	3	3	3	3	3	3
"mtest8"	"1399956592741"	"2014-05-22"	"LG"	"모비스"	3	6	1	3	8	10	3	3	3	3	3	3
"mtest5"	"1400051007351"	"2014-05-05"	"LG"	"SK"	3	6	1	3	8	10	3	3	3	3	3	3
"mtest5"	"1399956592741"	"2014-05-22"	"LG"	"모비스"	3	6	1	3	8	10	3	3	3	3	3	3
